payloadsize	encrypt	decrypt
1	0.0007450460	0.0006043720
10	0.0007442810	0.0006045220
20	0.0007376120	0.0006013950
30	0.0007437540	0.0006035380
40	0.0007355640	0.0005985760
50	0.0007430130	0.0006028850
60	0.0007413460	0.0006029050
70	0.0007466230	0.0006055310
80	0.0007444350	0.0006036760
90	0.0007450220	0.0006039050
100	0.0007443690	0.0006049600
110	0.0007443840	0.0006047770
120	0.0007430920	0.0006038430
130	0.0007416470	0.0006039250
140	0.0007399400	0.0006014530
150	0.0007429860	0.0006037130
160	0.0007409800	0.0006025390
170	0.0007395400	0.0006016920
180	0.0007331490	0.0006027160
190	0.0007367120	0.0006034120
200	0.0007353980	0.0006029480
210	0.0007346060	0.0005993680
220	0.0007344030	0.0005987750
230	0.0007334910	0.0005987470
240	0.0007334750	0.0005985520
250	0.0007329660	0.0005987910
260	0.0007328410	0.0005983090
270	0.0007332960	0.0005985700
280	0.0007328860	0.0006007080
290	0.0007860140	0.0005993440
300	0.0007326080	0.0005982920
310	0.0007332670	0.0005980360
320	0.0007324470	0.0005978910
330	0.0007326160	0.0005983650
340	0.0007321550	0.0005985720
350	0.0007324690	0.0005987440
360	0.0007334450	0.0005997990
370	0.0007337470	0.0005992450
380	0.0007332780	0.0005997780
390	0.0007336440	0.0005996390
400	0.0007338240	0.0005995280
410	0.0007339960	0.0005992240
420	0.0007338490	0.0005996120
430	0.0008561370	0.0006907110
440	0.0007395980	0.0006023790
450	0.0007347750	0.0006002550
460	0.0007344260	0.0006000910
470	0.0007356030	0.0006037050
480	0.0007337460	0.0006009380
490	0.0007341720	0.0006022070
500	0.0007354250	0.0006009270
510	0.0007343710	0.0006012390
520	0.0007343590	0.0006011390
530	0.0007366610	0.0006011390
540	0.0007349690	0.0006004400
550	0.0007347670	0.0006009340
560	0.0007349610	0.0006021520
570	0.0007356400	0.0006015200
580	0.0007379030	0.0006026450
590	0.0007345980	0.0006019410
600	0.0007368180	0.0006016250
610	0.0007360250	0.0006021990
620	0.0007375240	0.0006026490
630	0.0007368020	0.0006025980
640	0.0007352120	0.0006023110
650	0.0007361640	0.0006024710
660	0.0007371110	0.0006036280
670	0.0007365740	0.0006030220
680	0.0007382340	0.0006046560
690	0.0007374930	0.0006044230
700	0.0007372890	0.0006036700
710	0.0007377180	0.0006045180
720	0.0007377740	0.0006047980
730	0.0007396270	0.0006052460
740	0.0007380440	0.0006052310
750	0.0007380250	0.0006052580
760	0.0007371890	0.0006052660
770	0.0007418540	0.0006077990
780	0.0007457250	0.0006100920
790	0.0007464210	0.0006103630
800	0.0007460490	0.0006101910
810	0.0007463510	0.0006106000
820	0.0007473370	0.0006109860
830	0.0007464660	0.0006108270
840	0.0007475470	0.0006108980
850	0.0007467300	0.0006111860
860	0.0007465670	0.0006105670
870	0.0007465280	0.0006110870
880	0.0007479190	0.0006111120
890	0.0007471910	0.0006115960
900	0.0007482500	0.0006116480
910	0.0007475730	0.0006118180
920	0.0007479780	0.0006121750
930	0.0007480070	0.0006123630
940	0.0007480610	0.0006125620
950	0.0007480580	0.0006127690
960	0.0007479580	0.0006131640
970	0.0007480810	0.0006129070
980	0.0007482250	0.0006129040
990	0.0007479230	0.0006131720
1000	0.0007471200	0.0006120610
1010	0.0007407900	0.0006094720
1020	0.0007429910	0.0006117180
1030	0.0007407060	0.0006094140
1040	0.0007457400	0.0006107900
1050	0.0007398860	0.0006083670
1060	0.0007392580	0.0006083310
1070	0.0007402370	0.0006088530
1080	0.0007400650	0.0006089010
1090	0.0007406930	0.0006083760
1100	0.0007411360	0.0006104280
1110	0.0007403710	0.0006084790
1120	0.0007402660	0.0006085290
1130	0.0007410490	0.0006088240
1140	0.0007409350	0.0006086770
1150	0.0007414060	0.0006094250
1160	0.0007412760	0.0006088740
1170	0.0007569480	0.0006183490
1180	0.0007590650	0.0006096030
1190	0.0007406410	0.0006094610
1200	0.0007404320	0.0006098340
1210	0.0007407320	0.0006092030
1220	0.0007417030	0.0006129780
1230	0.0007417460	0.0006117590
1240	0.0007404860	0.0006102530
1250	0.0007452820	0.0006099850
1260	0.0007416790	0.0006127600
1270	0.0007424170	0.0006132600
1280	0.0007425770	0.0006120220
1290	0.0007428390	0.0006138110
1300	0.0007427050	0.0006139610
1310	0.0007419520	0.0006122060
1320	0.0007412340	0.0006109200
1330	0.0007423600	0.0006114210
1340	0.0007431100	0.0006119560
1350	0.0007423510	0.0006120010
1360	0.0007413950	0.0006109990
1370	0.0007430770	0.0006121190
1380	0.0007432310	0.0006122820
1390	0.0007482310	0.0006140340
1400	0.0007437570	0.0006126390
1410	0.0007430010	0.0006126550
1420	0.0007436810	0.0006133240
1430	0.0007431170	0.0006128830
1440	0.0007436070	0.0006134430
1450	0.0007439970	0.0006136380
1460	0.0007433070	0.0006132330
1470	0.0007428000	0.0006133930
1480	0.0007455230	0.0006192870
1490	0.0007478060	0.0006195320
1500	0.0007444600	0.0006145650
1510	0.0007445380	0.0006142540
1520	0.0007462060	0.0006156460
1530	0.0007459750	0.0006151030
1540	0.0007453900	0.0006179200
1550	0.0007438160	0.0006141900
1560	0.0007434810	0.0006138160
1570	0.0007433560	0.0006138750
1580	0.0007442240	0.0006152850
1590	0.0007442310	0.0006148790
1600	0.0007437270	0.0006145680
1610	0.0007443510	0.0006148120
1620	0.0007446220	0.0006151470
1630	0.0007445030	0.0006151780
1640	0.0007460040	0.0006178870
1650	0.0007453680	0.0006178110
1660	0.0007464060	0.0006185170
1670	0.0007454200	0.0006181360
1680	0.0007495890	0.0006179600
1690	0.0007467090	0.0006187930
1700	0.0007459090	0.0006186630
1710	0.0007468650	0.0006189840
1720	0.0007458130	0.0006172690
1730	0.0007451530	0.0006159400
1740	0.0007473750	0.0006196640
1750	0.0007467130	0.0006190700
1760	0.0007472240	0.0006196860
1770	0.0007473530	0.0006186800
1780	0.0007460260	0.0006169720
1790	0.0007470620	0.0006194430
1800	0.0007471470	0.0006187470
1810	0.0007477940	0.0006204790
1820	0.0007472360	0.0006185000
1830	0.0007475960	0.0006230550
1840	0.0007467440	0.0006188970
1850	0.0007475760	0.0006200390
1860	0.0007474650	0.0006209870
1870	0.0007477060	0.0006198520
1880	0.0007470500	0.0006198210
1890	0.0007471150	0.0006200250
1900	0.0007466560	0.0006188880
1910	0.0007471690	0.0006187470
1920	0.0007474210	0.0006178330
1930	0.0008066360	0.0006220690
1940	0.0007468660	0.0006187820
1950	0.0007473270	0.0006192300
1960	0.0007478580	0.0006193830
1970	0.0007470970	0.0006193320
1980	0.0007475280	0.0006236910
1990	0.0007484120	0.0006200600
2000	0.0007478460	0.0006198910
2010	0.0007480500	0.0006200660
2020	0.0007478000	0.0006199610
2030	0.0007514420	0.0006222910
2040	0.0007469210	0.0006193340
2050	0.0007476740	0.0006195130
2060	0.0007475870	0.0006199070
2070	0.0007468740	0.0006193510
2080	0.0007471600	0.0006196740
2090	0.0007466510	0.0006194980
2100	0.0007478070	0.0006204340
2110	0.0007471760	0.0006199600
2120	0.0007486080	0.0006235550
2130	0.0007476430	0.0006205530
2140	0.0007477400	0.0006202930
2150	0.0007477310	0.0006202920
2160	0.0007480290	0.0006208610
2170	0.0007483870	0.0006214820
2180	0.0007480410	0.0006210610
2190	0.0007478660	0.0006208570
2200	0.0007604980	0.0006307170
2210	0.0007510560	0.0006260730
2220	0.0007508050	0.0006250710
2230	0.0007511360	0.0006254070
2240	0.0007498260	0.0006245670
2250	0.0007504320	0.0006246770
2260	0.0007498720	0.0006224130
2270	0.0007506780	0.0006276790
2280	0.0007506980	0.0006231720
2290	0.0007507330	0.0006238020
2300	0.0007514590	0.0006237900
2310	0.0007510160	0.0006236760
2320	0.0007514330	0.0006240220
2330	0.0007506980	0.0006240870
2340	0.0007517620	0.0006248920
2350	0.0007512150	0.0006245650
2360	0.0007516940	0.0006245990
2370	0.0007506300	0.0006237380
2380	0.0007504250	0.0006235900
2390	0.0007524920	0.0006274960
2400	0.0007517080	0.0006267160
2410	0.0007569070	0.0006256160
2420	0.0007527750	0.0006259470
2430	0.0007509170	0.0006251250
2440	0.0007523530	0.0006256210
2450	0.0007518000	0.0006256830
2460	0.0007521630	0.0006255900
2470	0.0007520090	0.0006259750
2480	0.0007517630	0.0006259160
2490	0.0007512730	0.0006251500
2500	0.0007516060	0.0006255730
2510	0.0007520290	0.0006255880
2520	0.0007535010	0.0006295320
2530	0.0007533050	0.0006290740
2540	0.0007542130	0.0006299420
2550	0.0007545000	0.0006300240
2560	0.0007569360	0.0006292100
2570	0.0007536630	0.0006291440
2580	0.0007527730	0.0006281390
2590	0.0007525210	0.0006272240
2600	0.0007531870	0.0006295540
2610	0.0007529790	0.0006284720
2620	0.0007525140	0.0006291140
2630	0.0007522190	0.0006265110
2640	0.0007538850	0.0006295270
2650	0.0007530190	0.0006278520
2660	0.0007519370	0.0006272550
2670	0.0007547350	0.0006308790
2680	0.0007538070	0.0006295420
2690	0.0007525450	0.0006270570
2700	0.0007574580	0.0006281730
2710	0.0007536950	0.0006279200
2720	0.0007544760	0.0006297400
2730	0.0007527010	0.0006280450
2740	0.0007536860	0.0006460090
2750	0.0007543200	0.0006304500
2760	0.0007537580	0.0006284060
2770	0.0007539450	0.0006290770
2780	0.0007537950	0.0006286800
2790	0.0007545670	0.0006312730
2800	0.0007561420	0.0006321500
2810	0.0007553810	0.0006299860
2820	0.0007552690	0.0006304760
2830	0.0007544410	0.0006291200
2840	0.0007555550	0.0006301000
2850	0.0007584760	0.0006296910
2860	0.0007543470	0.0006295540
2870	0.0007548640	0.0006296920
2880	0.0007539180	0.0006296540
2890	0.0007551030	0.0006300270
2900	0.0007543000	0.0006294080
2910	0.0007546730	0.0006298560
2920	0.0007551350	0.0006302080
2930	0.0007553400	0.0006305870
2940	0.0007554740	0.0006305200
2950	0.0007547870	0.0006301220
2960	0.0007557880	0.0006312370
2970	0.0007551800	0.0006306710
2980	0.0007565580	0.0006317410
2990	0.0007562000	0.0006362640
3000	0.0007563220	0.0006318820
3010	0.0007557470	0.0006311760
3020	0.0007557650	0.0006313710
3030	0.0007563530	0.0006320680
3040	0.0007564210	0.0006326830
3050	0.0007561960	0.0006319720
3060	0.0007554870	0.0006315530
3070	0.0007558440	0.0006315180
3080	0.0007555950	0.0006319810
3090	0.0007564450	0.0006316830
3100	0.0007564660	0.0006326700
3110	0.0007574110	0.0006330680
3120	0.0007570450	0.0006326180
3130	0.0007567020	0.0006327680
3140	0.0007608460	0.0006326740
3150	0.0007564020	0.0006328760
3160	0.0007573290	0.0006332960
3170	0.0007570110	0.0006331940
3180	0.0007569530	0.0006333670
3190	0.0007571820	0.0006336660
3200	0.0007565830	0.0006336860
3210	0.0007570210	0.0006330930
3220	0.0007573070	0.0006336270
3230	0.0007569040	0.0006334730
3240	0.0007572380	0.0006335490
3250	0.0007573810	0.0006337830
3260	0.0007569270	0.0006340970
3270	0.0007579660	0.0006342610
3280	0.0007606830	0.0006401300
3290	0.0007577260	0.0006368720
3300	0.0007583860	0.0006348490
3310	0.0007585930	0.0006361580
3320	0.0007595070	0.0006371910
3330	0.0007587300	0.0006370750
3340	0.0007631370	0.0006408690
3350	0.0007576940	0.0006361760
3360	0.0007598360	0.0006372560
3370	0.0007586190	0.0006357800
3380	0.0007592700	0.0006361550
3390	0.0007594810	0.0006364260
3400	0.0007588360	0.0006362770
3410	0.0007591570	0.0006360000
3420	0.0007621580	0.0006359210
3430	0.0007592350	0.0006364900
3440	0.0007590570	0.0006361540
3450	0.0007585700	0.0006364130
3460	0.0007593360	0.0006369080
3470	0.0008109740	0.0006439900
3480	0.0007597690	0.0006369260
3490	0.0007593900	0.0006370830
3500	0.0007590060	0.0006366600
3510	0.0007597340	0.0006376400
3520	0.0007598380	0.0006378670
3530	0.0007599220	0.0006374170
3540	0.0007594780	0.0006376340
3550	0.0007599580	0.0006380840
3560	0.0007635750	0.0006384250
3570	0.0007601340	0.0006380720
3580	0.0007609850	0.0006385870
3590	0.0007607210	0.0006385630
3600	0.0007606510	0.0006388020
3610	0.0007606080	0.0006387340
3620	0.0007608330	0.0006388060
3630	0.0007611630	0.0006393510
3640	0.0007613570	0.0006395390
3650	0.0007620510	0.0006400130
3660	0.0007609730	0.0006390930
3670	0.0007614400	0.0006393290
3680	0.0007601840	0.0006389300
3690	0.0007612420	0.0006397820
3700	0.0007612700	0.0006400010
3710	0.0007617750	0.0006428550
3720	0.0007610930	0.0006394730
3730	0.0007613870	0.0006398400
3740	0.0007608790	0.0006400190
3750	0.0007612550	0.0006400440
3760	0.0007618160	0.0006408460
3770	0.0007621700	0.0006408070
3780	0.0007613290	0.0006402770
3790	0.0007640310	0.0006410230
3800	0.0007620030	0.0006416030
3810	0.0007610450	0.0006402970
3820	0.0007622130	0.0006413560
3830	0.0007616860	0.0006409100
3840	0.0007619190	0.0006411270
3850	0.0007654170	0.0006412490
3860	0.0007619610	0.0006412230
3870	0.0007620010	0.0006410420
3880	0.0007624260	0.0006418280
3890	0.0007626130	0.0006418210
3900	0.0007628470	0.0006414530
3910	0.0007622210	0.0006414540
3920	0.0007620420	0.0006416580
3930	0.0007625020	0.0006418330
3940	0.0007629430	0.0006421710
3950	0.0007624750	0.0006421310
3960	0.0007638330	0.0006432910
3970	0.0007648340	0.0006461250
3980	0.0007645230	0.0006448410
3990	0.0007652250	0.0006432850
4000	0.0007633320	0.0006432120
4010	0.0007628090	0.0006428310
4020	0.0007628870	0.0006427420
4030	0.0007640180	0.0006431810
4040	0.0007633090	0.0006429860
4050	0.0007628260	0.0006434990
4060	0.0007641140	0.0006439790
4070	0.0007644670	0.0006442330
4080	0.0007637010	0.0006442520
4090	0.0007640420	0.0006437340
4100	0.0007644910	0.0006442250
4110	0.0007634310	0.0006433850
4120	0.0007644920	0.0006445750
4130	0.0007638820	0.0006473660
4140	0.0007659010	0.0006459450
4150	0.0007655040	0.0006456810
4160	0.0007642710	0.0006449310
4170	0.0007642370	0.0006450050
4180	0.0007655940	0.0006457120
4190	0.0007648560	0.0006449790
4200	0.0007671930	0.0006460330
4210	0.0007664030	0.0006460920
4220	0.0007651030	0.0006457770
4230	0.0007648810	0.0006455420
4240	0.0007653400	0.0006460770
4250	0.0007650540	0.0006461840
4260	0.0007655560	0.0006464340
4270	0.0007659460	0.0006462270
4280	0.0007691370	0.0006462670
4290	0.0007649160	0.0006463540
4300	0.0007663960	0.0006464700
4310	0.0007662590	0.0006467240
4320	0.0007656100	0.0006466640
4330	0.0007666860	0.0006468880
4340	0.0007665260	0.0006474670
4350	0.0007666840	0.0006472410
4360	0.0007665700	0.0006479770
4370	0.0007656870	0.0006470410
4380	0.0007664210	0.0006472440
4390	0.0007661360	0.0006472050
4400	0.0007666940	0.0006474800
4410	0.0007667170	0.0006475260
4420	0.0007871080	0.0006478920
4430	0.0007671050	0.0006478620
4440	0.0007673620	0.0006485140
4450	0.0007687030	0.0006494130
4460	0.0007683130	0.0006490970
4470	0.0007675480	0.0006488980
4480	0.0007674400	0.0006491530
4490	0.0007677740	0.0006491460
4500	0.0007677460	0.0006490560
4510	0.0007675300	0.0006489420
4520	0.0007663140	0.0006484300
4530	0.0007671560	0.0006489840
4540	0.0007680130	0.0006496720
4550	0.0007668650	0.0006490220
4560	0.0007707680	0.0006499060
4570	0.0007681100	0.0006502830
4580	0.0007680830	0.0006496560
4590	0.0007670520	0.0006494190
4600	0.0007685700	0.0006507460
4610	0.0007690400	0.0006505610
4620	0.0007681290	0.0006504420
4630	0.0007689830	0.0006506180
4640	0.0007689410	0.0006504060
4650	0.0007695630	0.0006511020
4660	0.0007686610	0.0006519750
4670	0.0007688720	0.0006504170
4680	0.0007683370	0.0006502040
4690	0.0007692790	0.0006511000
4700	0.0007695890	0.0006546310
4710	0.0007694770	0.0006521890
4720	0.0007682770	0.0006513340
4730	0.0007695410	0.0006520130
4740	0.0007686320	0.0006516250
4750	0.0007692850	0.0006514330
4760	0.0007701950	0.0006521290
4770	0.0007696400	0.0006517720
4780	0.0007701660	0.0006518310
4790	0.0007702870	0.0006525670
4800	0.0007695800	0.0006524050
4810	0.0007702880	0.0006524280
4820	0.0007703540	0.0006528530
4830	0.0007698180	0.0006524480
4840	0.0007738320	0.0006533810
4850	0.0007708930	0.0006532650
4860	0.0007704270	0.0006529930
4870	0.0007704000	0.0006533500
4880	0.0007705230	0.0006533740
4890	0.0007698740	0.0006530330
4900	0.0007703950	0.0006533020
4910	0.0007701030	0.0006533290
4920	0.0007702720	0.0006533790
4930	0.0007709880	0.0006541570
4940	0.0007714560	0.0006536590
4950	0.0007711030	0.0006542120
4960	0.0007715150	0.0006541940
4970	0.0007709570	0.0006542860
4980	0.0007712860	0.0006585260
4990	0.0007714230	0.0006541010
5000	0.0007708810	0.0006542820
5010	0.0007724700	0.0006558310
5020	0.0007723120	0.0006560160
5030	0.0007719150	0.0006557060
5040	0.0007727660	0.0006561310
5050	0.0007727600	0.0006561970
5060	0.0007731760	0.0006562850
5070	0.0007730460	0.0006562200
5080	0.0007720710	0.0006556200
5090	0.0007722480	0.0006557350
5100	0.0007712890	0.0006553390
5110	0.0007724180	0.0006559870
5120	0.0007757760	0.0006562680
5130	0.0008202600	0.0006565860
5140	0.0007796540	0.0006563660
5150	0.0007731480	0.0006567780
5160	0.0007738490	0.0006574530
5170	0.0007732370	0.0006575880
5180	0.0007738840	0.0006575260
5190	0.0007734010	0.0006571550
5200	0.0007738300	0.0006578490
5210	0.0007739130	0.0006578320
5220	0.0007744460	0.0006582470
5230	0.0007742580	0.0006583870
5240	0.0007737940	0.0006582130
5250	0.0007751170	0.0006593850
5260	0.0007791490	0.0006587480
5270	0.0007734980	0.0006578270
5280	0.0007735270	0.0006581850
5290	0.0007735840	0.0006576740
5300	0.0007738920	0.0006582590
5310	0.0007740020	0.0006581770
5320	0.0007738550	0.0006585890
5330	0.0007748290	0.0006591290
5340	0.0007745710	0.0006590860
5350	0.0007748960	0.0006592860
5360	0.0007752190	0.0006599470
5370	0.0007745440	0.0006592330
5380	0.0007753610	0.0006598310
5390	0.0007754780	0.0006599470
5400	0.0007792390	0.0006604680
5410	0.0007762300	0.0006608150
5420	0.0007756930	0.0006604560
5430	0.0007742340	0.0006595430
5440	0.0007751520	0.0006601750
5450	0.0007750260	0.0006599260
5460	0.0007752940	0.0006605390
5470	0.0007754680	0.0006602060
5480	0.0007758670	0.0006607880
5490	0.0007759720	0.0006608120
5500	0.0007756560	0.0006605460
5510	0.0007762360	0.0006609810
5520	0.0007760040	0.0006610910
5530	0.0007756530	0.0006611760
5540	0.0007803650	0.0006617530
5550	0.0007759850	0.0006608210
5560	0.0007759520	0.0006613400
5570	0.0007759590	0.0006608790
5580	0.0007755880	0.0006613780
5590	0.0007761890	0.0006614840
5600	0.0007765190	0.0006617490
5610	0.0007765710	0.0006618150
5620	0.0007765500	0.0006621050
5630	0.0007774750	0.0006625050
5640	0.0007773000	0.0006629250
5650	0.0007776890	0.0006630440
5660	0.0007776020	0.0006631010
5670	0.0007780940	0.0006632080
5680	0.0007815120	0.0006630180
5690	0.0007780530	0.0006632480
5700	0.0007779590	0.0006634030
5710	0.0007772340	0.0006630230
5720	0.0007774870	0.0006634250
5730	0.0007773050	0.0006633100
5740	0.0007770890	0.0006633150
5750	0.0007783280	0.0006636930
5760	0.0007784240	0.0006643160
5770	0.0007788620	0.0006646150
5780	0.0007786210	0.0006645720
5790	0.0007783300	0.0006647500
5800	0.0007785840	0.0006643380
5810	0.0007789720	0.0006647300
5820	0.0007790110	0.0006680930
5830	0.0007787030	0.0006645770
5840	0.0007795770	0.0006656140
5850	0.0007789100	0.0006650990
5860	0.0007780790	0.0006642570
5870	0.0007774840	0.0006641610
5880	0.0007779910	0.0006644870
5890	0.0007777630	0.0006645760
5900	0.0007789560	0.0006653030
5910	0.0007783100	0.0006650680
5920	0.0007786100	0.0006652180
5930	0.0007787770	0.0006653530
5940	0.0007793110	0.0006657070
5950	0.0007793640	0.0006656360
5960	0.0007785810	0.0006688760
5970	0.0007786970	0.0006656800
5980	0.0007794800	0.0006666910
5990	0.0007790780	0.0006661870
6000	0.0007793120	0.0006861330
6010	0.0007806120	0.0006671950
6020	0.0007800200	0.0006676600
6030	0.0007804500	0.0006673470
6040	0.0007795790	0.0006667820
6050	0.0007793080	0.0006666040
6060	0.0007794690	0.0006668720
6070	0.0007796180	0.0006668730
6080	0.0007796970	0.0006673810
6090	0.0007797990	0.0006713280
6100	0.0007809430	0.0006678530
6110	0.0007793050	0.0006673150
6120	0.0007804530	0.0006676330
6130	0.0007802520	0.0006677180
6140	0.0007810030	0.0006680040
6150	0.0007804490	0.0006678560
6160	0.0007800890	0.0006682530
6170	0.0007805540	0.0006682100
6180	0.0007821060	0.0006689310
6190	0.0007816410	0.0006690970
6200	0.0007815450	0.0006694270
6210	0.0007822010	0.0006700410
6220	0.0007821010	0.0006705400
6230	0.0007865370	0.0006702240
6240	0.0007826540	0.0006706190
6250	0.0007824760	0.0006697440
6260	0.0007824170	0.0006700660
6270	0.0007829150	0.0006700160
6280	0.0007828870	0.0006707910
6290	0.0007841200	0.0006711650
6300	0.0007833570	0.0006711950
6310	0.0007838840	0.0006712430
6320	0.0007817500	0.0006699090
6330	0.0007811230	0.0006700720
6340	0.0007817750	0.0006698680
6350	0.0007823480	0.0006706210
6360	0.0007819680	0.0006701440
6370	0.0007863230	0.0006705030
6380	0.0007831500	0.0006712980
6390	0.0007829920	0.0006713470
6400	0.0007829090	0.0006712370
6410	0.0007826290	0.0006712340
6420	0.0007828940	0.0006714400
6430	0.0007824420	0.0006714110
6440	0.0007833290	0.0006717830
6450	0.0007833110	0.0006723950
6460	0.0007830630	0.0006719790
6470	0.0007834430	0.0006717720
6480	0.0007833530	0.0006721200
6490	0.0007828470	0.0006716370
6500	0.0007832810	0.0006725020
6510	0.0007892230	0.0006736200
6520	0.0007853100	0.0006744590
6530	0.0007858680	0.0006738980
6540	0.0007855680	0.0006738710
6550	0.0007852470	0.0006741670
6560	0.0007854360	0.0006741170
6570	0.0007861650	0.0006742490
6580	0.0007853860	0.0006740580
6590	0.0007854400	0.0006741830
6600	0.0007853920	0.0006745830
6610	0.0007850410	0.0006747560
6620	0.0007865510	0.0006750640
6630	0.0007858700	0.0006751840
6640	0.0007865760	0.0006796840
6650	0.0007859950	0.0006753230
6660	0.0007864350	0.0006755750
6670	0.0007862160	0.0006757390
6680	0.0007857000	0.0006751490
6690	0.0008324410	0.0006827450
6700	0.0007851980	0.0006752730
6710	0.0007874590	0.0006754040
6720	0.0007858490	0.0006759810
6730	0.0007864700	0.0006758410
6740	0.0007866020	0.0006763160
6750	0.0007861520	0.0006757290
6760	0.0007860550	0.0006763350
6770	0.0007872870	0.0006768370
6780	0.0007872040	0.0006806700
6790	0.0007870070	0.0006766210
6800	0.0007865430	0.0006765240
6810	0.0007877380	0.0006769980
6820	0.0007866950	0.0006768410
6830	0.0007868690	0.0006765150
6840	0.0007871910	0.0006770790
6850	0.0007880710	0.0006774250
6860	0.0007871910	0.0006773250
6870	0.0007874300	0.0006772750
6880	0.0007868990	0.0006775020
6890	0.0007876280	0.0006778220
6900	0.0007883230	0.0006781400
6910	0.0007878290	0.0006780480
6920	0.0007876650	0.0006820550
6930	0.0007870050	0.0006771910
6940	0.0007872400	0.0006775920
6950	0.0007869760	0.0006772780
6960	0.0007873150	0.0006780320
6970	0.0007878760	0.0006777090
6980	0.0007875270	0.0006778950
6990	0.0007871810	0.0006779090
7000	0.0007873170	0.0006778800
7010	0.0007890720	0.0006785930
7020	0.0007880760	0.0006776420
7030	0.0007889450	0.0006784410
7040	0.0007897690	0.0006805250
7050	0.0007893230	0.0006830730
7060	0.0007886040	0.0006794080
7070	0.0007887330	0.0006790970
7080	0.0007889960	0.0006799540
7090	0.0007876930	0.0006788030
7100	0.0007887090	0.0006797950
7110	0.0007884610	0.0006795950
7120	0.0007885550	0.0006794080
7130	0.0007886790	0.0006801120
7140	0.0007884620	0.0006797390
7150	0.0007885360	0.0006795700
7160	0.0007888200	0.0006801470
7170	0.0007885400	0.0006803190
7180	0.0007894370	0.0006805890
7190	0.0007925290	0.0006803350
7200	0.0007889460	0.0006807210
7210	0.0007895270	0.0006811470
7220	0.0007895510	0.0006811000
7230	0.0007892560	0.0006810570
7240	0.0007903650	0.0006813180
7250	0.0007901730	0.0006814410
7260	0.0007904480	0.0006813820
7270	0.0007891830	0.0006809970
7280	0.0007897290	0.0006814000
7290	0.0007909510	0.0006822760
7300	0.0007899690	0.0006819500
7310	0.0007897940	0.0006816080
7320	0.0007902690	0.0006819290
7330	0.0007943880	0.0006829330
7340	0.0007903170	0.0006818450
7350	0.0007899640	0.0006823400
7360	0.0007900220	0.0006823310
7370	0.0007907580	0.0006827030
7380	0.0007912100	0.0006827440
7390	0.0007909090	0.0006832350
7400	0.0007913270	0.0006833390
7410	0.0007921010	0.0006840770
7420	0.0007907220	0.0006830460
7430	0.0007909160	0.0006835320
7440	0.0007912680	0.0006839600
7450	0.0007916960	0.0006838630
7460	0.0007919850	0.0006881340
7470	0.0007914030	0.0006834590
7480	0.0007912130	0.0006838960
7490	0.0007913860	0.0006837160
7500	0.0007916770	0.0006843100
7510	0.0007922930	0.0006842100
7520	0.0007918750	0.0006847290
7530	0.0007922660	0.0006853160
7540	0.0007927700	0.0006850920
7550	0.0007933880	0.0006857550
7560	0.0007930840	0.0006854070
7570	0.0007932210	0.0006858850
7580	0.0007937170	0.0006861860
7590	0.0007932220	0.0006859030
7600	0.0007972710	0.0007036940
7610	0.0007928800	0.0006859250
7620	0.0007926790	0.0006858250
7630	0.0007935100	0.0006862140
7640	0.0007930590	0.0006859080
7650	0.0007929300	0.0006858820
7660	0.0007929710	0.0006857760
7670	0.0007928330	0.0006860660
7680	0.0007935000	0.0006865220
7690	0.0007930030	0.0006861110
7700	0.0007933720	0.0006866840
7710	0.0007941750	0.0006872530
7720	0.0007934620	0.0006869640
7730	0.0007980740	0.0006873790
7740	0.0007933970	0.0006873800
7750	0.0007932740	0.0006868090
7760	0.0007936450	0.0006869680
7770	0.0007937900	0.0006871110
7780	0.0007933400	0.0006872120
7790	0.0007930970	0.0006870980
7800	0.0007933990	0.0006870130
7810	0.0007943130	0.0006876640
7820	0.0007934260	0.0006868780
7830	0.0007934570	0.0006871140
7840	0.0007936840	0.0006873430
7850	0.0007937280	0.0006878930
7860	0.0007938930	0.0006882190
7870	0.0007982180	0.0006879020
7880	0.0007940110	0.0006879090
7890	0.0007937110	0.0006883160
7900	0.0007949390	0.0006893680
7910	0.0007953220	0.0006890240
7920	0.0007942080	0.0006886860
7930	0.0007944700	0.0006892460
7940	0.0007944660	0.0006895450
7950	0.0007953550	0.0006895080
7960	0.0007957550	0.0006901450
7970	0.0007962640	0.0006890240
7980	0.0007960050	0.0006891710
7990	0.0007952660	0.0006890560
8000	0.0007952290	0.0006937670
8010	0.0007958020	0.0006896630
8020	0.0007947580	0.0006891260
8030	0.0007950970	0.0006898880
8040	0.0007951550	0.0006901180
8050	0.0007948990	0.0006904580
8060	0.0007963030	0.0006898610
8070	0.0007960960	0.0006903710
8080	0.0007954720	0.0006906120
8090	0.0007963780	0.0006907650
8100	0.0007970840	0.0006907290
8110	0.0007952100	0.0006909160
8120	0.0007955970	0.0006907340
8130	0.0007957800	0.0006911210
8140	0.0008000860	0.0006912620
8150	0.0007965270	0.0006915160
8160	0.0007966910	0.0006917190
8170	0.0007963790	0.0006913800
8180	0.0007971560	0.0006921700
8190	0.0007987670	0.0006930040
8200	0.0007981460	0.0006929160
8210	0.0007984040	0.0006934090
8220	0.0007979640	0.0006927770
8230	0.0007982420	0.0006929520
8240	0.0007967180	0.0006927100
8250	0.0007976890	0.0006931580
8260	0.0007966740	0.0006923580
8270	0.0008017560	0.0006931670
8280	0.0007983780	0.0006926810
8290	0.0008228390	0.0007222570
8300	0.0007984700	0.0006934300
8310	0.0007980820	0.0006938210
8320	0.0007977220	0.0006941750
8330	0.0007977720	0.0006936370
8340	0.0007980130	0.0006949100
8350	0.0007975160	0.0006934680
8360	0.0007982370	0.0006933980
8370	0.0008012720	0.0006964400
8380	0.0007979230	0.0006938960
8390	0.0007984740	0.0006939110
8400	0.0007996750	0.0006956030
8410	0.0007983050	0.0006940620
8420	0.0007994200	0.0006948710
8430	0.0007988410	0.0006950500
8440	0.0007989420	0.0006951840
8450	0.0007990990	0.0006950180
8460	0.0007982400	0.0006946150
8470	0.0007997310	0.0006959280
8480	0.0007988110	0.0006953500
8490	0.0007980870	0.0006944750
8500	0.0007993720	0.0006954440
8510	0.0007994430	0.0006959630
8520	0.0008000390	0.0006959990
8530	0.0008002670	0.0006966720
8540	0.0007999460	0.0006995750
8550	0.0008000220	0.0006962860
8560	0.0007987500	0.0006961650
8570	0.0007995930	0.0006962510
8580	0.0007996940	0.0006959920
8590	0.0007996930	0.0006963640
8600	0.0007996260	0.0006972680
8610	0.0008005100	0.0006968980
8620	0.0008003060	0.0006974050
8630	0.0008006780	0.0006971440
8640	0.0008005500	0.0006971010
8650	0.0008000300	0.0006974200
8660	0.0008005650	0.0006973050
8670	0.0008042880	0.0006973060
8680	0.0008008860	0.0006972720
8690	0.0008013800	0.0006975790
8700	0.0008010750	0.0006985330
8710	0.0008010880	0.0006985950
8720	0.0008003980	0.0006976850
8730	0.0008019440	0.0006982560
8740	0.0008013790	0.0006987230
8750	0.0008011270	0.0006984350
8760	0.0008002400	0.0006981020
8770	0.0008012140	0.0006981750
8780	0.0008008320	0.0006982540
8790	0.0008009700	0.0006987310
8800	0.0008053980	0.0006987460
8810	0.0008022100	0.0006992970
8820	0.0008024010	0.0006991870
8830	0.0008015820	0.0006996050
8840	0.0008015420	0.0006995820
8850	0.0008021820	0.0006996310
8860	0.0008023030	0.0007001430
8870	0.0008025390	0.0007001250
8880	0.0008021110	0.0007007620
8890	0.0008027540	0.0007001890
8900	0.0008029250	0.0007003060
8910	0.0008026940	0.0007001370
8920	0.0008024180	0.0007002500
8930	0.0008027850	0.0007007820
8940	0.0008029110	0.0007049490
8950	0.0008033310	0.0007010210
8960	0.0008026880	0.0007012630
8970	0.0008028740	0.0007011630
8980	0.0008034190	0.0007011200
8990	0.0008021980	0.0007010550
9000	0.0008034310	0.0007014950
9010	0.0008031600	0.0007011700
9020	0.0008033930	0.0007014010
9030	0.0008031920	0.0007013680
9040	0.0008031010	0.0007020180
9050	0.0008034050	0.0007024160
9060	0.0008036170	0.0007017810
9070	0.0008034350	0.0007061420
9080	0.0008038120	0.0007018990
9090	0.0008033400	0.0007022000
9100	0.0008034600	0.0007023750
9110	0.0008043100	0.0007025790
9120	0.0008203450	0.0007023120
9130	0.0008041860	0.0007023380
9140	0.0008033590	0.0007021820
9150	0.0008041320	0.0007029100
9160	0.0008024850	0.0007019750
9170	0.0008027720	0.0007017740
9180	0.0008046970	0.0007044080
9190	0.0008041710	0.0007030540
9200	0.0008046170	0.0007075450
9210	0.0008039340	0.0007034550
9220	0.0008046060	0.0007034580
9230	0.0008041670	0.0007033040
9240	0.0008045480	0.0007036720
9250	0.0008060070	0.0007049510
9260	0.0008054500	0.0007046130
9270	0.0008059030	0.0007049730
9280	0.0008052430	0.0007048540
9290	0.0008054960	0.0007047650
9300	0.0008051280	0.0007047470
9310	0.0008047900	0.0007046230
9320	0.0008058450	0.0007044780
9330	0.0008052310	0.0007092990
9340	0.0008055280	0.0007050820
9350	0.0008049970	0.0007051000
9360	0.0008045880	0.0007051700
9370	0.0008056790	0.0007055670
9380	0.0008056800	0.0007053400
9390	0.0008055920	0.0007059350
9400	0.0008065310	0.0007060920
9410	0.0008068360	0.0007066520
9420	0.0008060370	0.0007057590
9430	0.0008062520	0.0007056040
9440	0.0008059740	0.0007060060
9450	0.0008071220	0.0007064720
9460	0.0008068320	0.0007067170
9470	0.0008060840	0.0007102310
9480	0.0008066160	0.0007065370
9490	0.0008063170	0.0007063990
9500	0.0008062700	0.0007064000
9510	0.0008061760	0.0007068930
9520	0.0008065520	0.0007068810
9530	0.0008074090	0.0007070070
9540	0.0008067080	0.0007075300
9550	0.0008072140	0.0007072710
9560	0.0008074130	0.0007076430
9570	0.0008074510	0.0007088770
9580	0.0008074600	0.0007083220
9590	0.0008077860	0.0007081590
9600	0.0008074010	0.0007115260
9610	0.0008079440	0.0007082890
9620	0.0008080860	0.0007086430
9630	0.0008076400	0.0007082640
9640	0.0008094570	0.0007095170
9650	0.0008083250	0.0007090550
9660	0.0008082710	0.0007093910
9670	0.0008081060	0.0007091800
9680	0.0008083360	0.0007093570
9690	0.0008089160	0.0007091340
9700	0.0008086700	0.0007091800
9710	0.0008082100	0.0007097760
9720	0.0008081050	0.0007095630
9730	0.0008099840	0.0007115270
9740	0.0008094110	0.0007105290
9750	0.0008086540	0.0007098050
9760	0.0008092270	0.0007100590
9770	0.0008089120	0.0007101950
9780	0.0008673690	0.0007117830
9790	0.0008095720	0.0007107110
9800	0.0008093050	0.0007110190
9810	0.0008098200	0.0007109770
9820	0.0008090360	0.0007110500
9830	0.0008098630	0.0007114100
9840	0.0008106140	0.0007121650
9850	0.0008107500	0.0007120790
9860	0.0008108340	0.0007164370
9870	0.0008099600	0.0007113230
9880	0.0008105320	0.0007117550
9890	0.0008103550	0.0007118220
9900	0.0008104730	0.0007122140
9910	0.0008103340	0.0007120030
9920	0.0008097020	0.0007120820
9930	0.0008096680	0.0007119740
9940	0.0008109480	0.0007121860
9950	0.0008101830	0.0007119410
9960	0.0008099280	0.0007122040
9970	0.0008105810	0.0007124200
9980	0.0008105450	0.0007123620
9990	0.0008144300	0.0007129220
10000	0.0008109280	0.0007129430
10010	0.0008108760	0.0007130020
10020	0.0008117980	0.0007131260
10030	0.0008105790	0.0007132670
10040	0.0008110770	0.0007131510
10050	0.0008112040	0.0007132580
10060	0.0008105920	0.0007135780
10070	0.0008107460	0.0007135200
10080	0.0008111440	0.0007143130
10090	0.0008111490	0.0007138860
10100	0.0008118740	0.0007145290
10110	0.0008121860	0.0007147450
10120	0.0008157250	0.0007141300
10130	0.0008116870	0.0007147570
10140	0.0008124440	0.0007152820
10150	0.0008121420	0.0007147470
10160	0.0008119930	0.0007147320
10170	0.0008121270	0.0007146950
10180	0.0008125770	0.0007155150
10190	0.0008128160	0.0007151360
10200	0.0008124040	0.0007151190
10210	0.0008119020	0.0007157030
10220	0.0008127430	0.0007151970
10230	0.0008130270	0.0007157950
10240	0.0008125670	0.0007162130
