payloadsize	encrypt	decrypt
1	0.0060361700	0.0043785900
10	0.0060394100	0.0043643400
20	0.0060321000	0.0043591500
30	0.0060362800	0.0043665600
40	0.0060386500	0.0043582000
50	0.0059980400	0.0043346700
60	0.0059917000	0.0043694900
70	0.0060258700	0.0043402300
80	0.0060191200	0.0043573100
90	0.0060047600	0.0043358900
100	0.0060118200	0.0043417200
110	0.0060335700	0.0043467500
120	0.0060140800	0.0043647500
130	0.0060091400	0.0043403300
140	0.0060532000	0.0043422900
150	0.0060165400	0.0043425100
160	0.0060324900	0.0043413400
170	0.0060001800	0.0043358000
180	0.0060402000	0.0043463600
190	0.0061055800	0.0043687700
200	0.0060573800	0.0043612000
210	0.0060688900	0.0043807800
220	0.0060720100	0.0043861200
230	0.0060737600	0.0043893100
240	0.0060610500	0.0043781600
250	0.0060534800	0.0043751900
260	0.0060633500	0.0043780700
270	0.0060580600	0.0043800900
280	0.0060513700	0.0043776600
290	0.0060675900	0.0043844500
300	0.0060774100	0.0043825200
310	0.0060601400	0.0043793600
320	0.0060484600	0.0043806600
330	0.0060524400	0.0043782000
340	0.0060601100	0.0043775500
350	0.0060534700	0.0043782400
360	0.0060484300	0.0043796600
370	0.0060607900	0.0043807400
380	0.0060639800	0.0043876800
390	0.0060729200	0.0043847300
400	0.0060292600	0.0043566000
410	0.0060219600	0.0043489700
420	0.0060224900	0.0043496000
430	0.0060262000	0.0043500200
440	0.0060400400	0.0043624800
450	0.0060532100	0.0043664200
460	0.0060210400	0.0043456600
470	0.0060237400	0.0043492900
480	0.0060241200	0.0043498800
490	0.0060300800	0.0043585800
500	0.0060323300	0.0043552500
510	0.0060158400	0.0043494100
520	0.0060250700	0.0043513200
530	0.0060228500	0.0043539700
540	0.0060200100	0.0043506500
550	0.0060287300	0.0043481200
560	0.0060399200	0.0043532800
570	0.0060333000	0.0043522000
580	0.0060370100	0.0043501200
590	0.0060572100	0.0043657300
600	0.0060198000	0.0043543900
610	0.0060290000	0.0043602900
620	0.0060356700	0.0043613300
630	0.0060376900	0.0043559100
640	0.0060291200	0.0043516800
650	0.0060264100	0.0043558400
660	0.0060311200	0.0043574000
670	0.0060328600	0.0043540800
680	0.0060292800	0.0043622300
690	0.0060321100	0.0043615100
700	0.0060318400	0.0043519500
710	0.0060336800	0.0043653800
720	0.0060437400	0.0043598700
730	0.0060240700	0.0043562200
740	0.0060240500	0.0043540600
750	0.0060268500	0.0043542800
760	0.0060272600	0.0043583700
770	0.0060320000	0.0043576800
780	0.0060560000	0.0043656800
790	0.0060266700	0.0043569200
800	0.0060315700	0.0043626400
810	0.0060242900	0.0043594200
820	0.0060255500	0.0043565000
830	0.0060297300	0.0043568500
840	0.0060362100	0.0043575000
850	0.0060360900	0.0043578200
860	0.0060339600	0.0043571800
870	0.0060530200	0.0043690400
880	0.0060379000	0.0043656300
890	0.0060378200	0.0043575400
900	0.0060251600	0.0043608900
910	0.0060441800	0.0043626500
920	0.0060318900	0.0043601400
930	0.0060339100	0.0043588600
940	0.0060333600	0.0043671800
950	0.0060362800	0.0043602500
960	0.0060344800	0.0043630300
970	0.0060473500	0.0043650600
980	0.0060327600	0.0043650900
990	0.0060313500	0.0043588100
1000	0.0060287400	0.0043632400
1010	0.0060327700	0.0043717100
1020	0.0060412600	0.0043671400
1030	0.0060284200	0.0043561600
1040	0.0060236800	0.0043601400
1050	0.0060233200	0.0043585200
1060	0.0060393600	0.0043671100
1070	0.0060622100	0.0043816200
1080	0.0060371000	0.0043646300
1090	0.0060376000	0.0043717900
1100	0.0060439800	0.0043699000
1110	0.0060414600	0.0043654300
1120	0.0060467300	0.0043651300
1130	0.0060503400	0.0043669500
1140	0.0060496300	0.0043784400
1150	0.0060539100	0.0043707800
1160	0.0060437400	0.0043705600
1170	0.0060496400	0.0043679900
1180	0.0060350100	0.0043657400
1190	0.0060430200	0.0043707500
1200	0.0060416800	0.0043696400
1210	0.0060517100	0.0043697600
1220	0.0060460900	0.0043711700
1230	0.0060747100	0.0044047300
1240	0.0060928100	0.0044156900
1250	0.0061013800	0.0044217900
1260	0.0061040100	0.0044199900
1270	0.0060917300	0.0044121100
1280	0.0060835800	0.0044114800
1290	0.0061112300	0.0044300200
1300	0.0060970300	0.0044174800
1310	0.0060895100	0.0044032900
1320	0.0060878200	0.0044051300
1330	0.0060933800	0.0044180300
1340	0.0060894400	0.0044140700
1350	0.0061208600	0.0044232500
1360	0.0060941700	0.0044216200
1370	0.0060879100	0.0044125700
1380	0.0060935300	0.0044196400
1390	0.0060924700	0.0044098400
1400	0.0060891400	0.0044091700
1410	0.0060933900	0.0044064700
1420	0.0060922200	0.0044138400
1430	0.0060903400	0.0044141600
1440	0.0060943400	0.0044107300
1450	0.0061215800	0.0044331500
1460	0.0061011200	0.0044172200
1470	0.0060869700	0.0044142400
1480	0.0060554300	0.0043993900
1490	0.0060998400	0.0044280400
1500	0.0060551200	0.0043931500
1510	0.0060511100	0.0043980800
1520	0.0060496700	0.0043946100
1530	0.0060686600	0.0043987600
1540	0.0060714600	0.0044053600
1550	0.0060983700	0.0044235400
1560	0.0060664700	0.0043981200
1570	0.0060709900	0.0044073600
1580	0.0060755800	0.0044084300
1590	0.0060646400	0.0044062200
1600	0.0060653600	0.0044055900
1610	0.0060778600	0.0044096500
1620	0.0060686400	0.0044001800
1630	0.0060634600	0.0043971000
1640	0.0060798500	0.0044127100
1650	0.0060668000	0.0044063500
1660	0.0060577500	0.0044041700
1670	0.0060820700	0.0044122700
1680	0.0060613000	0.0043954200
1690	0.0060627500	0.0043962700
1700	0.0060575100	0.0043994300
1710	0.0060658000	0.0044002900
1720	0.0060788100	0.0044126600
1730	0.0060809000	0.0044226000
1740	0.0060811100	0.0044132000
1750	0.0060664900	0.0044006300
1760	0.0060720300	0.0044114200
1770	0.0060645000	0.0044026200
1780	0.0060635200	0.0044067300
1790	0.0060652000	0.0044041600
1800	0.0060691800	0.0044094300
1810	0.0060713100	0.0044149300
1820	0.0060829800	0.0044076900
1830	0.0060801500	0.0044203900
1840	0.0060765300	0.0044116400
1850	0.0060765400	0.0044044200
1860	0.0060687100	0.0044078100
1870	0.0060813500	0.0044232100
1880	0.0060770500	0.0044125000
1890	0.0060703500	0.0044072300
1900	0.0060791000	0.0044109500
1910	0.0060777000	0.0044123700
1920	0.0060799600	0.0044051100
1930	0.0060795300	0.0044152600
1940	0.0060710300	0.0044073200
1950	0.0060765300	0.0044121400
1960	0.0060705200	0.0044137500
1970	0.0060870400	0.0044137500
1980	0.0060708000	0.0044133900
1990	0.0060845200	0.0044197500
2000	0.0060863200	0.0044160000
2010	0.0060869100	0.0044103300
2020	0.0061048300	0.0044263800
2030	0.0061017500	0.0044209300
2040	0.0060810900	0.0044133900
2050	0.0060767700	0.0044125300
2060	0.0060977300	0.0044165000
2070	0.0060872900	0.0044214600
2080	0.0060862000	0.0044135600
2090	0.0060706900	0.0044365400
2100	0.0061084100	0.0044331000
2110	0.0060777400	0.0044131700
2120	0.0061027900	0.0044262300
2130	0.0060827100	0.0044151900
2140	0.0060745600	0.0044105600
2150	0.0060915700	0.0044224800
2160	0.0060803300	0.0044104600
2170	0.0060937900	0.0044220300
2180	0.0060863100	0.0044084600
2190	0.0060955100	0.0044111900
2200	0.0060728600	0.0044148000
2210	0.0060958900	0.0044250300
2220	0.0060872200	0.0044147800
2230	0.0060825200	0.0044169200
2240	0.0060866500	0.0044214400
2250	0.0060843400	0.0044202200
2260	0.0060784900	0.0044134700
2270	0.0060800800	0.0044279300
2280	0.0061034600	0.0044376500
2290	0.0060873400	0.0044219200
2300	0.0060816800	0.0044228000
2310	0.0060932600	0.0044215200
2320	0.0060767700	0.0044292300
2330	0.0060805500	0.0044198700
2340	0.0060837500	0.0044202600
2350	0.0060851000	0.0044269600
2360	0.0060801100	0.0044211300
2370	0.0060978200	0.0044201300
2380	0.0060860700	0.0044314100
2390	0.0060932700	0.0044249000
2400	0.0060949500	0.0044231800
2410	0.0060806300	0.0044181500
2420	0.0060837800	0.0044166400
2430	0.0060812800	0.0044277400
2440	0.0060856300	0.0044241200
2450	0.0060802400	0.0044217800
2460	0.0060834100	0.0044190300
2470	0.0061010600	0.0044302700
2480	0.0060841500	0.0044160800
2490	0.0060894200	0.0044240000
2500	0.0061250000	0.0044403200
2510	0.0060963300	0.0044319300
2520	0.0060907400	0.0044166700
2530	0.0060887200	0.0044330000
2540	0.0060859500	0.0044221000
2550	0.0061033700	0.0044230300
2560	0.0061029200	0.0044230100
2570	0.0061006600	0.0044390500
2580	0.0060928400	0.0044322800
2590	0.0060927900	0.0044256100
2600	0.0060900000	0.0044208900
2610	0.0060988200	0.0044289400
2620	0.0060912300	0.0044294900
2630	0.0060926200	0.0044353900
2640	0.0060864300	0.0044240100
2650	0.0060896200	0.0044271900
2660	0.0061150400	0.0044255700
2670	0.0060899200	0.0044290600
2680	0.0060816300	0.0044238800
2690	0.0061090100	0.0044364400
2700	0.0061001400	0.0044376900
2710	0.0060942800	0.0044293000
2720	0.0061018700	0.0044279700
2730	0.0060905800	0.0044326200
2740	0.0060905600	0.0044346000
2750	0.0061021400	0.0044331700
2760	0.0060994700	0.0044490100
2770	0.0060976000	0.0044330900
2780	0.0061080500	0.0044399600
2790	0.0061051300	0.0044366300
2800	0.0060957500	0.0044284500
2810	0.0060893100	0.0044307400
2820	0.0061033700	0.0044326200
2830	0.0060935500	0.0044303700
2840	0.0061018500	0.0044309500
2850	0.0061205100	0.0044567100
2860	0.0060930500	0.0044319200
2870	0.0060997400	0.0044370100
2880	0.0061119800	0.0044416400
2890	0.0060908200	0.0044307000
2900	0.0060946900	0.0044415400
2910	0.0061012800	0.0044473500
2920	0.0061033800	0.0044351300
2930	0.0060994300	0.0044383600
2940	0.0061125800	0.0044382800
2950	0.0061035800	0.0044459100
2960	0.0061001900	0.0044372600
2970	0.0061250800	0.0044485100
2980	0.0061135400	0.0044480900
2990	0.0061042600	0.0044352300
3000	0.0061156900	0.0044476200
3010	0.0060945500	0.0044241200
3020	0.0060877600	0.0044238600
3030	0.0060947300	0.0044313400
3040	0.0061049900	0.0044754800
3050	0.0061000600	0.0044413000
3060	0.0061070100	0.0044439800
3070	0.0061126300	0.0044492800
3080	0.0061005500	0.0044407000
3090	0.0061031000	0.0044386700
3100	0.0061067800	0.0044396100
3110	0.0060948300	0.0044340700
3120	0.0061073800	0.0044359100
3130	0.0060993600	0.0044524700
3140	0.0061170000	0.0044426100
3150	0.0060952100	0.0044392000
3160	0.0061144600	0.0044498800
3170	0.0061101600	0.0044380900
3180	0.0061044000	0.0044424700
3190	0.0061018300	0.0044471200
3200	0.0061075400	0.0044399500
3210	0.0060993200	0.0044398600
3220	0.0060965600	0.0044414000
3230	0.0061148300	0.0044534100
3240	0.0061215300	0.0044500600
3250	0.0061151000	0.0044658400
3260	0.0061205900	0.0044559700
3270	0.0061114700	0.0044427300
3280	0.0061137400	0.0044490200
3290	0.0061220200	0.0044559800
3300	0.0061109200	0.0044493000
3310	0.0061129500	0.0044451900
3320	0.0061176400	0.0044534400
3330	0.0061033000	0.0044432500
3340	0.0061215300	0.0044624000
3350	0.0061248100	0.0044545200
3360	0.0061250200	0.0044520000
3370	0.0061194800	0.0044532800
3380	0.0061147200	0.0044573900
3390	0.0061337000	0.0044545600
3400	0.0061078700	0.0044560400
3410	0.0061084600	0.0044521100
3420	0.0061090800	0.0044458000
3430	0.0061304200	0.0044549600
3440	0.0061295100	0.0044659200
3450	0.0061496000	0.0044694400
3460	0.0061113800	0.0044465100
3470	0.0061268100	0.0044557000
3480	0.0061238600	0.0044589300
3490	0.0061230200	0.0044543500
3500	0.0061182400	0.0044549200
3510	0.0061211000	0.0044535300
3520	0.0061318800	0.0044556800
3530	0.0061206300	0.0044559600
3540	0.0061275300	0.0044661700
3550	0.0061243900	0.0044573600
3560	0.0061164200	0.0044556300
3570	0.0061172200	0.0044567400
3580	0.0061151300	0.0044569300
3590	0.0061339700	0.0044700500
3600	0.0061216100	0.0044572600
3610	0.0061126800	0.0044524800
3620	0.0061252500	0.0044599700
3630	0.0061296300	0.0044592300
3640	0.0061434500	0.0044980500
3650	0.0061243100	0.0044610600
3660	0.0061215700	0.0044541800
3670	0.0062323100	0.0045036000
3680	0.0061099800	0.0044441400
3690	0.0061306500	0.0044588300
3700	0.0061305900	0.0044552700
3710	0.0061332400	0.0044601100
3720	0.0061293100	0.0044556600
3730	0.0061302900	0.0044600700
3740	0.0061177400	0.0044432000
3750	0.0061107400	0.0044424100
3760	0.0061174500	0.0044571200
3770	0.0061313800	0.0044680900
3780	0.0061125600	0.0044557500
3790	0.0061165800	0.0044640600
3800	0.0061212300	0.0044590400
3810	0.0061292000	0.0044694800
3820	0.0061364900	0.0044679600
3830	0.0061312400	0.0044617700
3840	0.0061270000	0.0044631700
3850	0.0061352400	0.0044739700
3860	0.0061267700	0.0044702100
3870	0.0061234500	0.0044723000
3880	0.0061236400	0.0044595900
3890	0.0061220900	0.0044667100
3900	0.0061263200	0.0044629300
3910	0.0061337700	0.0044669900
3920	0.0061657800	0.0044924200
3930	0.0061370300	0.0044653500
3940	0.0061364600	0.0044627000
3950	0.0061303000	0.0044693200
3960	0.0061327700	0.0044696500
3970	0.0061329400	0.0044666700
3980	0.0061230900	0.0044658800
3990	0.0061346200	0.0044711900
4000	0.0061329100	0.0044717200
4010	0.0061386400	0.0044767000
4020	0.0061389100	0.0044752200
4030	0.0061327000	0.0044611800
4040	0.0061328700	0.0044664400
4050	0.0061354300	0.0044720900
4060	0.0061350600	0.0044708200
4070	0.0061423800	0.0044738700
4080	0.0061291400	0.0044689700
4090	0.0061436300	0.0044758900
4100	0.0061525100	0.0044754100
4110	0.0061464100	0.0044716700
4120	0.0061313200	0.0044732100
4130	0.0061367500	0.0044686400
4140	0.0061346000	0.0044796500
4150	0.0061284500	0.0044690300
4160	0.0061300000	0.0044729100
4170	0.0061329500	0.0044754700
4180	0.0061388800	0.0044818100
4190	0.0061511600	0.0044832300
4200	0.0061432000	0.0044854300
4210	0.0061370800	0.0044735800
4220	0.0061313600	0.0044718800
4230	0.0061405100	0.0044770400
4240	0.0061335700	0.0044817000
4250	0.0061336100	0.0044711100
4260	0.0061326400	0.0044725000
4270	0.0061461000	0.0044769600
4280	0.0061307200	0.0044851600
4290	0.0061473400	0.0044836700
4300	0.0061464800	0.0044732000
4310	0.0061369900	0.0044749500
4320	0.0061395300	0.0044776800
4330	0.0061409500	0.0044816000
4340	0.0062030900	0.0044763300
4350	0.0061423500	0.0044794200
4360	0.0061429900	0.0044754400
4370	0.0061363100	0.0044776500
4380	0.0061374200	0.0044820200
4390	0.0061855900	0.0045091400
4400	0.0061526500	0.0044808000
4410	0.0061517200	0.0044851500
4420	0.0061604500	0.0044878900
4430	0.0061519700	0.0044869300
4440	0.0061476200	0.0044847700
4450	0.0061506600	0.0044832600
4460	0.0061502300	0.0044912500
4470	0.0061565900	0.0044831300
4480	0.0061493700	0.0044814200
4490	0.0061520300	0.0044829000
4500	0.0061367200	0.0044781100
4510	0.0061465500	0.0044799400
4520	0.0061411700	0.0044814700
4530	0.0061556800	0.0044898400
4540	0.0061464500	0.0044859600
4550	0.0061482000	0.0044846100
4560	0.0061360300	0.0044705600
4570	0.0061567800	0.0044887200
4580	0.0061544400	0.0044903600
4590	0.0061465400	0.0044804200
4600	0.0061509600	0.0044797900
4610	0.0061505900	0.0044914800
4620	0.0061422700	0.0044860100
4630	0.0061573100	0.0044866200
4640	0.0061438200	0.0044821900
4650	0.0061467000	0.0044910400
4660	0.0061559100	0.0044896600
4670	0.0061713600	0.0044959300
4680	0.0061593900	0.0044941500
4690	0.0061465200	0.0044873900
4700	0.0061555400	0.0044907800
4710	0.0061470600	0.0044855900
4720	0.0061507400	0.0044951300
4730	0.0061490100	0.0044896300
4740	0.0061524400	0.0044869600
4750	0.0061595600	0.0045002400
4760	0.0061555300	0.0044992800
4770	0.0061628000	0.0045021700
4780	0.0061497600	0.0044925300
4790	0.0061548300	0.0044886200
4800	0.0061552200	0.0044921300
4810	0.0061575800	0.0044891800
4820	0.0061451400	0.0044885000
4830	0.0061513900	0.0044950300
4840	0.0061559000	0.0044961900
4850	0.0061643800	0.0045094000
4860	0.0061921300	0.0045130300
4870	0.0061696700	0.0045029100
4880	0.0061685300	0.0044929500
4890	0.0061600700	0.0044937800
4900	0.0061629700	0.0044973800
4910	0.0061662200	0.0044962000
4920	0.0061599700	0.0044981500
4930	0.0061644600	0.0044987400
4940	0.0061725300	0.0045092600
4950	0.0061684100	0.0045107200
4960	0.0061663000	0.0045013200
4970	0.0061579000	0.0045009400
4980	0.0061743700	0.0045013000
4990	0.0061643800	0.0044956200
5000	0.0061620900	0.0044965700
5010	0.0061643600	0.0045031700
5020	0.0061554600	0.0044951100
5030	0.0061563200	0.0045096700
5040	0.0061774700	0.0045052300
5050	0.0061713900	0.0045002100
5060	0.0061556200	0.0044958000
5070	0.0061661800	0.0045015000
5080	0.0061652300	0.0045030200
5090	0.0061547600	0.0045035300
5100	0.0061702000	0.0045007000
5110	0.0061615300	0.0044998600
5120	0.0061629000	0.0045061700
5130	0.0061781500	0.0045044400
5140	0.0061713100	0.0045127600
5150	0.0061615800	0.0045045000
5160	0.0061649400	0.0045027100
5170	0.0061620800	0.0045042400
5180	0.0061724100	0.0045060800
5190	0.0061629500	0.0044987900
5200	0.0061558000	0.0044983000
5210	0.0061657200	0.0045081900
5220	0.0061627400	0.0045097200
5230	0.0061695600	0.0045098400
5240	0.0061781600	0.0045148300
5250	0.0061712300	0.0045047000
5260	0.0061721800	0.0045062700
5270	0.0061685300	0.0045016500
5280	0.0061766000	0.0045096600
5290	0.0061546900	0.0044982000
5300	0.0061714200	0.0045089300
5310	0.0061621800	0.0045081000
5320	0.0061772800	0.0045151600
5330	0.0062089600	0.0045237000
5340	0.0061845200	0.0045194600
5350	0.0061742600	0.0045065600
5360	0.0061770900	0.0045023400
5370	0.0061732600	0.0045095900
5380	0.0061697800	0.0045026800
5390	0.0061823900	0.0045160800
5400	0.0061701000	0.0045162300
5410	0.0061815100	0.0045117300
5420	0.0061825700	0.0045214000
5430	0.0061688300	0.0045080500
5440	0.0061710800	0.0045130500
5450	0.0061759300	0.0045130200
5460	0.0061825100	0.0045091500
5470	0.0061685100	0.0045005200
5480	0.0061712900	0.0045158600
5490	0.0061684000	0.0045141600
5500	0.0061814800	0.0045195100
5510	0.0061859800	0.0045159600
5520	0.0061809900	0.0045121300
5530	0.0061689500	0.0045096700
5540	0.0061676200	0.0045125200
5550	0.0061792700	0.0045202600
5560	0.0061834500	0.0045142200
5570	0.0061761500	0.0045138800
5580	0.0061799100	0.0045128400
5590	0.0061689300	0.0045148500
5600	0.0061874500	0.0045185400
5610	0.0061863700	0.0045311900
5620	0.0061781000	0.0045139300
5630	0.0061777500	0.0045206600
5640	0.0061739700	0.0045127600
5650	0.0061795400	0.0045141000
5660	0.0061751700	0.0045109300
5670	0.0061829500	0.0045198300
5680	0.0061789800	0.0045159300
5690	0.0061882200	0.0045176700
5700	0.0061949100	0.0045239600
5710	0.0061805300	0.0045218800
5720	0.0061778300	0.0045110700
5730	0.0061721900	0.0045186300
5740	0.0061810000	0.0045164400
5750	0.0061731800	0.0045132600
5760	0.0061779000	0.0045187200
5770	0.0061891600	0.0045235700
5780	0.0061830100	0.0045250600
5790	0.0061910800	0.0045272400
5800	0.0062109800	0.0045370200
5810	0.0061819700	0.0045200600
5820	0.0061939800	0.0045259200
5830	0.0061824600	0.0045240000
5840	0.0061812600	0.0045124000
5850	0.0061840700	0.0045246600
5860	0.0061895800	0.0045265600
5870	0.0061828800	0.0045325900
5880	0.0061899300	0.0045341600
5890	0.0061956700	0.0045343100
5900	0.0061772600	0.0045173700
5910	0.0061800900	0.0045176900
5920	0.0061781700	0.0045222800
5930	0.0061781200	0.0045274100
5940	0.0061875200	0.0045218200
5950	0.0061770400	0.0045201500
5960	0.0061899300	0.0045174000
5970	0.0061809700	0.0045294900
5980	0.0062034900	0.0045264000
5990	0.0061958100	0.0045306200
6000	0.0061876300	0.0045267200
6010	0.0061856500	0.0045334200
6020	0.0061801300	0.0045223700
6030	0.0061823900	0.0045232200
6040	0.0061811200	0.0045248900
6050	0.0061968000	0.0045327000
6060	0.0061875600	0.0045354800
6070	0.0061979800	0.0045289300
6080	0.0062087700	0.0045442300
6090	0.0061941000	0.0045304500
6100	0.0061904100	0.0045290300
6110	0.0061890700	0.0045334900
6120	0.0061927700	0.0045251000
6130	0.0061834100	0.0045325600
6140	0.0061848700	0.0045225000
6150	0.0061917000	0.0045332400
6160	0.0061963900	0.0045301700
6170	0.0062051900	0.0045560700
6180	0.0061953800	0.0045401500
6190	0.0061937600	0.0045282300
6200	0.0061952100	0.0045368700
6210	0.0062009600	0.0045668700
6220	0.0061894800	0.0045309700
6230	0.0062166900	0.0045353100
6240	0.0062046500	0.0045358000
6250	0.0061970300	0.0045290600
6260	0.0062146600	0.0045380900
6270	0.0062148800	0.0045321000
6280	0.0061934900	0.0045439400
6290	0.0061930100	0.0045368900
6300	0.0062069000	0.0045362200
6310	0.0061982400	0.0045364200
6320	0.0062244500	0.0045461700
6330	0.0062013100	0.0045531300
6340	0.0062001600	0.0045334300
6350	0.0061989400	0.0045378800
6360	0.0062034100	0.0045355900
6370	0.0061846800	0.0045262300
6380	0.0062123800	0.0045343500
6390	0.0061989900	0.0045521400
6400	0.0062028600	0.0045366200
6410	0.0061918300	0.0045315200
6420	0.0062153500	0.0045390300
6430	0.0061982300	0.0045540400
6440	0.0062003800	0.0045352400
6450	0.0062158900	0.0045463600
6460	0.0062000200	0.0045385100
6470	0.0061991700	0.0045347200
6480	0.0062092300	0.0045417100
6490	0.0062013700	0.0045371800
6500	0.0061975800	0.0045372200
6510	0.0062015600	0.0045406400
6520	0.0062026900	0.0045428500
6530	0.0062214600	0.0045470600
6540	0.0062151300	0.0045446700
6550	0.0062016400	0.0045377700
6560	0.0061934300	0.0045339400
6570	0.0061981100	0.0045399600
6580	0.0061986800	0.0045381000
6590	0.0062034400	0.0045425400
6600	0.0062094100	0.0045445400
6610	0.0061977900	0.0045418400
6620	0.0062181800	0.0045460400
6630	0.0062143100	0.0045530300
6640	0.0062094000	0.0045426600
6650	0.0062022800	0.0045422500
6660	0.0061994000	0.0045422400
6670	0.0061958300	0.0045406400
6680	0.0062104700	0.0045461800
6690	0.0062004300	0.0045464700
6700	0.0062088300	0.0045485300
6710	0.0062049700	0.0045425800
6720	0.0062320500	0.0045564900
6730	0.0062435600	0.0045645400
6740	0.0062045100	0.0045406800
6750	0.0062195400	0.0045464500
6760	0.0062195500	0.0045505700
6770	0.0062153100	0.0045546400
6780	0.0062038200	0.0045471700
6790	0.0062119800	0.0045506800
6800	0.0062053500	0.0045504400
6810	0.0062096600	0.0045503300
6820	0.0062350100	0.0045736300
6830	0.0062152900	0.0045489200
6840	0.0062111700	0.0045425700
6850	0.0062089700	0.0045512700
6860	0.0062053900	0.0045480200
6870	0.0062108200	0.0045430400
6880	0.0062084400	0.0045497600
6890	0.0062102700	0.0045492800
6900	0.0062134400	0.0045581600
6910	0.0062225800	0.0045581300
6920	0.0062167400	0.0045501000
6930	0.0062126800	0.0045504300
6940	0.0062235600	0.0045558200
6950	0.0062231200	0.0045549800
6960	0.0062090900	0.0045493800
6970	0.0062085500	0.0045463000
6980	0.0062143000	0.0045515000
6990	0.0062180700	0.0045497000
7000	0.0062282800	0.0045634100
7010	0.0062266800	0.0045606800
7020	0.0062095700	0.0045534300
7030	0.0062207500	0.0045598100
7040	0.0062205700	0.0045562700
7050	0.0062087700	0.0045497900
7060	0.0062204700	0.0045586500
7070	0.0062129500	0.0045553700
7080	0.0062054500	0.0045519800
7090	0.0062267500	0.0045562600
7100	0.0062462000	0.0045618500
7110	0.0062151200	0.0045535400
7120	0.0062193000	0.0045585200
7130	0.0062166100	0.0045569600
7140	0.0062150400	0.0045584300
7150	0.0062227200	0.0045586700
7160	0.0062137400	0.0045587400
7170	0.0062114600	0.0045561200
7180	0.0062207300	0.0045493300
7190	0.0062473200	0.0045693500
7200	0.0062400000	0.0045666700
7210	0.0062285600	0.0045628700
7220	0.0062238300	0.0045609300
7230	0.0062309700	0.0045562200
7240	0.0062365200	0.0045700000
7250	0.0062203400	0.0045606700
7260	0.0062335100	0.0045689400
7270	0.0062172000	0.0045648600
7280	0.0062346500	0.0045677000
7290	0.0062274400	0.0045646700
7300	0.0062156900	0.0045558100
7310	0.0062245300	0.0045629100
7320	0.0062274500	0.0045571500
7330	0.0062202400	0.0045541800
7340	0.0062218100	0.0045602100
7350	0.0062249800	0.0045602500
7360	0.0062328100	0.0045635200
7370	0.0062222500	0.0045665900
7380	0.0062276400	0.0045663800
7390	0.0062258300	0.0045671200
7400	0.0062292500	0.0045662400
7410	0.0062332300	0.0045635000
7420	0.0062207600	0.0045626300
7430	0.0062165100	0.0045543300
7440	0.0062290800	0.0045660800
7450	0.0062223600	0.0045675700
7460	0.0062327300	0.0045758800
7470	0.0062499100	0.0045713000
7480	0.0062288500	0.0045651900
7490	0.0062363200	0.0045671100
7500	0.0062245900	0.0045632100
7510	0.0062316700	0.0045686100
7520	0.0062303600	0.0045700200
7530	0.0062342700	0.0045689800
7540	0.0062223500	0.0045612800
7550	0.0062495700	0.0045817800
7560	0.0062391000	0.0045782200
7570	0.0062349000	0.0045780200
7580	0.0062223200	0.0045681100
7590	0.0062329400	0.0045653500
7600	0.0062400000	0.0045675700
7610	0.0062209700	0.0045649700
7620	0.0062312400	0.0045718900
7630	0.0062274800	0.0045760100
7640	0.0062334300	0.0045694300
7650	0.0062479800	0.0045849900
7660	0.0062595200	0.0045830500
7670	0.0062303600	0.0045695100
7680	0.0062381000	0.0045722900
7690	0.0062489800	0.0045827400
7700	0.0062384000	0.0045713500
7710	0.0062330100	0.0045729200
7720	0.0062511300	0.0045775500
7730	0.0062470900	0.0045808700
7740	0.0062502900	0.0045832600
7750	0.0062450900	0.0045827900
7760	0.0062352300	0.0045709100
7770	0.0062336500	0.0045727100
7780	0.0062327000	0.0045727400
7790	0.0062366200	0.0045769600
7800	0.0062418300	0.0045726800
7810	0.0062334100	0.0045787600
7820	0.0062348000	0.0045643600
7830	0.0062412900	0.0045773400
7840	0.0062594100	0.0045834700
7850	0.0062385000	0.0045721300
7860	0.0062299500	0.0045719400
7870	0.0062384200	0.0045800900
7880	0.0062452000	0.0045784200
7890	0.0062383700	0.0045746200
7900	0.0062312900	0.0045724500
7910	0.0062393900	0.0045780300
7920	0.0062628400	0.0045872500
7930	0.0062527100	0.0045834600
7940	0.0062398100	0.0045831200
7950	0.0062384900	0.0045777400
7960	0.0062406400	0.0045756200
7970	0.0062361900	0.0045777500
7980	0.0062358900	0.0045749000
7990	0.0062401200	0.0045766900
8000	0.0062441500	0.0045810000
8010	0.0062467200	0.0045765000
8020	0.0062618900	0.0045978100
8030	0.0062459300	0.0045846500
8040	0.0062314300	0.0045699600
8050	0.0062330500	0.0045724900
8060	0.0062468200	0.0045840200
8070	0.0062452400	0.0045877800
8080	0.0062470000	0.0045823100
8090	0.0062469600	0.0045810600
8100	0.0062430000	0.0045769600
8110	0.0062589500	0.0045880600
8120	0.0062697900	0.0046000600
8130	0.0062433000	0.0045832400
8140	0.0062527000	0.0045844300
8150	0.0062522000	0.0045922200
8160	0.0062449200	0.0045824500
8170	0.0062444100	0.0045861000
8180	0.0062448900	0.0045801000
8190	0.0062367100	0.0045843300
8200	0.0062447800	0.0045869900
8210	0.0062712900	0.0045948300
8220	0.0062469700	0.0045860200
8230	0.0062444600	0.0045875200
8240	0.0062455300	0.0045782800
8250	0.0062380900	0.0045829400
8260	0.0062542100	0.0045846100
8270	0.0062394300	0.0045816000
8280	0.0062432200	0.0045768900
8290	0.0062508500	0.0045875100
8300	0.0062589500	0.0045926700
8310	0.0062593000	0.0045954000
8320	0.0062436500	0.0045833100
8330	0.0062516600	0.0045840200
8340	0.0062403500	0.0045839600
8350	0.0062566500	0.0045909800
8360	0.0062471000	0.0045834200
8370	0.0062470000	0.0045849500
8380	0.0062543500	0.0046007200
8390	0.0062574000	0.0045874100
8400	0.0062645100	0.0045938900
8410	0.0062391900	0.0045830800
8420	0.0062427800	0.0045790200
8430	0.0062365000	0.0045788400
8440	0.0062476000	0.0045897300
8450	0.0062481700	0.0045831300
8460	0.0062567900	0.0045900800
8470	0.0062479900	0.0045934700
8480	0.0062528400	0.0045946400
8490	0.0062555900	0.0045877900
8500	0.0062543400	0.0045920000
8510	0.0062532300	0.0045864700
8520	0.0062527600	0.0045883100
8530	0.0062512600	0.0045866600
8540	0.0062496600	0.0045882400
8550	0.0062539000	0.0045881100
8560	0.0062499600	0.0045854400
8570	0.0062457100	0.0045936600
8580	0.0063017300	0.0046135700
8590	0.0062555000	0.0045836600
8600	0.0062580400	0.0045939100
8610	0.0062761500	0.0045988600
8620	0.0062589000	0.0045977100
8630	0.0062610600	0.0045975200
8640	0.0062627100	0.0045942900
8650	0.0062592100	0.0045807200
8660	0.0062619400	0.0046084700
8670	0.0062599200	0.0046025000
8680	0.0062574100	0.0045994100
8690	0.0062657300	0.0045976400
8700	0.0062599000	0.0046004600
8710	0.0062611500	0.0045974700
8720	0.0062689600	0.0045989900
8730	0.0062568400	0.0045936100
8740	0.0062665000	0.0046038800
8750	0.0062661200	0.0046000800
8760	0.0062719300	0.0046120600
8770	0.0062741100	0.0046092800
8780	0.0062564100	0.0045916500
8790	0.0062704900	0.0046091300
8800	0.0062597600	0.0045962300
8810	0.0062650100	0.0045978400
8820	0.0062728000	0.0046050000
8830	0.0062649900	0.0046051000
8840	0.0062739500	0.0046036400
8850	0.0062721200	0.0045985400
8860	0.0062716600	0.0046022200
8870	0.0062594600	0.0045991500
8880	0.0062551200	0.0045971700
8890	0.0062635300	0.0046020800
8900	0.0062723000	0.0046112000
8910	0.0062647500	0.0046022200
8920	0.0062721100	0.0046014300
8930	0.0062826800	0.0046101500
8940	0.0062678500	0.0046008100
8950	0.0062720400	0.0046093600
8960	0.0062631100	0.0046017400
8970	0.0062667800	0.0046069700
8980	0.0062693100	0.0046078600
8990	0.0062632800	0.0046079400
9000	0.0062639300	0.0046012100
9010	0.0062687600	0.0046024900
9020	0.0062683000	0.0046010000
9030	0.0062829600	0.0046166500
9040	0.0063165100	0.0046285100
9050	0.0062750400	0.0046069900
9060	0.0062668200	0.0046124300
9070	0.0062753800	0.0046078900
9080	0.0062761400	0.0046080300
9090	0.0062847400	0.0046138500
9100	0.0062736200	0.0046119300
9110	0.0062740300	0.0046140700
9120	0.0062787000	0.0046152100
9130	0.0062790800	0.0046200600
9140	0.0062695900	0.0046071200
9150	0.0062797600	0.0046159000
9160	0.0062811400	0.0046109900
9170	0.0062669800	0.0046105500
9180	0.0062715000	0.0046110200
9190	0.0062676600	0.0046049800
9200	0.0062687900	0.0046083900
9210	0.0062714300	0.0046183700
9220	0.0062904300	0.0046244300
9230	0.0062782400	0.0046126900
9240	0.0062650200	0.0046107800
9250	0.0062766200	0.0046212900
9260	0.0062752000	0.0046173500
9270	0.0062692600	0.0046132200
9280	0.0062747300	0.0046179500
9290	0.0062708800	0.0046089800
9300	0.0062788200	0.0046266300
9310	0.0062914300	0.0046281300
9320	0.0062840000	0.0046179400
9330	0.0062730300	0.0046137200
9340	0.0062702900	0.0046159000
9350	0.0062702100	0.0046092700
9360	0.0062803800	0.0046159600
9370	0.0062793300	0.0046177100
9380	0.0062804500	0.0046143900
9390	0.0062764600	0.0046212600
9400	0.0062855800	0.0046210800
9410	0.0062981500	0.0046286300
9420	0.0062839700	0.0046199300
9430	0.0062734200	0.0046146600
9440	0.0062752100	0.0046155400
9450	0.0062810900	0.0046175400
9460	0.0062759300	0.0046216900
9470	0.0062780600	0.0046178800
9480	0.0062723900	0.0046267500
9490	0.0062875100	0.0046282800
9500	0.0063225200	0.0046412200
9510	0.0062823300	0.0046234600
9520	0.0062827000	0.0046193000
9530	0.0062821900	0.0046204900
9540	0.0062851400	0.0046183000
9550	0.0062950700	0.0046219000
9560	0.0062802700	0.0046178400
9570	0.0062903600	0.0046188400
9580	0.0062861100	0.0046257100
9590	0.0063189000	0.0046353500
9600	0.0062827700	0.0046228800
9610	0.0062863600	0.0046246700
9620	0.0062787800	0.0046188200
9630	0.0062919900	0.0046705600
9640	0.0062895600	0.0046309200
9650	0.0063106100	0.0046265300
9660	0.0062777400	0.0046208100
9670	0.0062810400	0.0046322000
9680	0.0063066100	0.0046267300
9690	0.0062882700	0.0046284900
9700	0.0062886100	0.0046235100
9710	0.0062844800	0.0046226800
9720	0.0062861300	0.0046240300
9730	0.0062843300	0.0046271900
9740	0.0062865300	0.0046279700
9750	0.0062857900	0.0046237600
9760	0.0063012300	0.0046308400
9770	0.0063108200	0.0046373300
9780	0.0062875800	0.0046252000
9790	0.0063041200	0.0046446100
9800	0.0063413700	0.0046293300
9810	0.0064349700	0.0047078600
9820	0.0063995200	0.0046909900
9830	0.0063852300	0.0047649200
9840	0.0062889900	0.0046269800
9850	0.0062976500	0.0046337500
9860	0.0063009100	0.0046344500
9870	0.0063022100	0.0046354100
9880	0.0062920000	0.0046351100
9890	0.0062905600	0.0046329800
9900	0.0062933800	0.0046294100
9910	0.0062890500	0.0046321600
9920	0.0062844500	0.0046282400
9930	0.0062854800	0.0046346600
9940	0.0062953800	0.0046312600
9950	0.0063123800	0.0046486000
9960	0.0063209800	0.0046562800
9970	0.0062944700	0.0046371800
9980	0.0062995400	0.0046390700
9990	0.0063138800	0.0046501500
10000	0.0062979200	0.0046354300
10010	0.0062973700	0.0046399300
10020	0.0063026500	0.0046329800
10030	0.0063019300	0.0046453500
10040	0.0062847500	0.0046303600
10050	0.0062988600	0.0046254600
10060	0.0062816200	0.0046173500
10070	0.0062952800	0.0046364500
10080	0.0062965400	0.0046394200
10090	0.0063006200	0.0046363000
10100	0.0062923100	0.0046342500
10110	0.0062948000	0.0046372600
10120	0.0062971000	0.0046393500
10130	0.0063166600	0.0046393900
10140	0.0063138200	0.0046470600
10150	0.0062972300	0.0046333000
10160	0.0062833800	0.0046213800
10170	0.0062897700	0.0046269100
10180	0.0062925500	0.0046238100
10190	0.0062833300	0.0046222900
10200	0.0062951400	0.0046227400
10210	0.0062880800	0.0046264700
10220	0.0063088500	0.0046446700
10230	0.0063172100	0.0046518500
10240	0.0063010900	0.0046423100
